CALSPHERE 1
1 00900U 64063C   23198.02600816  .00000635  00000+0  66194-3 0  9996
2 00900  90.1878  48.4494 0024315 276.0493 254.4982 13.74387483924842
CALSPHERE 2
1 00902U 64063E   23197.12812878  .00000069  00000+0  90347-4 0  9990
2 00902  90.2021  51.7981 0020476  85.5499  45.0101 13.52755596712455
LCS 1
1 01361U 65034C   23197.13597046  .00000008  00000+0 -10168-3 0  9993
2 01361  32.1356 190.5637 0007392 204.7945 155.2197  9.89303644104557
TEMPSAT 1
1 01512U 65065E   23197.80378884  .00000056  00000+0  94818-4 0  9993
2 01512  89.9318 215.8110 0070028   4.8447 169.3636 13.33481622817925
CALSPHERE 4A
1 01520U 65065H   23196.78122574  .00000091  00000+0  15939-3 0  9996
2 01520  89.9710 129.4507 0066953 233.8789 140.8440 13.35975167820582
OPS 5712 (P/L 160)
1 02826U 67053A   23198.04850964  .00004315  00000+0  10335-2 0  9994
2 02826  69.9276  81.1856 0005262 169.7382 190.3862 14.54157926910518
LES-5
1 02866U 67066E   23196.53727001 -.00000106  00000+0  00000+0 0  9999
2 02866   0.7846 191.8568 0051405  97.7083 295.5497  1.09426028119347
SURCAL 159
1 02872U 67053F   23197.95807416  .00000094  00000+0  10168-3 0  9993
2 02872  69.9745 135.7930 0004444  52.0749 308.0760 13.99048481861468
OPS 5712 (P/L 153)
1 02874U 67053H   23197.81499759  .00000047  00000+0  72415-4 0  9999
2 02874  69.9722 240.3965 0005991 160.7063 199.4271 13.96490143858367
SURCAL 150B
1 02909U 67053J   23198.03432090  .00007813  00000+0  13034-2 0  9996
2 02909  69.9452  49.7487 0004591 194.6547 165.4465 14.70273463921966
OPS 3811 (DSP 2)
1 05204U 71039A   23196.65033191  .00000003  00000+0  00000+0 0  9991
2 05204   2.5387 284.4422 0017772 348.4606 138.9115  0.98159529 14808
RIGIDSPHERE 2 (LCS 4)
1 05398U 71067E   23198.50053945  .00000943  00000+0  31817-3 0  9998
2 05398  87.6197 273.8817 0063485 159.6037 200.7718 14.34909650721127
OSCAR 7 (AO-7)
1 07530U 74089B   23198.45125260 -.00000041  00000+0  32067-4 0  9998
2 07530 101.9479 185.3335 0012356   7.8722 145.1366 12.53665452227207
STARLETTE
1 07646U 75010A   23197.90939231 -.00000127  00000+0  13420-4 0  9998
2 07646  49.8252 353.2995 0205690 140.6442 220.9601 13.82319739447038
LAGEOS 1
1 08820U 76039A   23196.66954510 -.00000005  00000+0  00000+0 0  9994
2 08820 109.8059 173.6814 0044927 171.4562   5.1194  6.38664705845376
OPS 8701 (DSP 10)
1 13086U 82019A   23197.84018455 -.00000075  00000+0  00000+0 0  9996
2 13086  11.4573 317.4441 0003675 209.7881 175.5652  0.98189483 15187
PHASE 3B (AO-10)
1 14129U 83058B   23195.50855204 -.00000130  00000+0  00000+0 0  9993
2 14129  27.3020  32.4756 6032727 188.0708 154.2718  2.05868682273497
UOSAT 2 (UO-11)
1 14781U 84021B   23198.38028684  .00001937  00000+0  23288-3 0  9993
2 14781  97.6588 174.1451 0009784 100.7335 259.4982 14.85006337119621
AJISAI (EGS)
1 16908U 86061A   23197.81204347 -.00000098  00000+0 -21852-5 0  9997
2 16908  50.0065 186.4339 0011353 345.8685  72.7044 12.44501371347958
TDRS 3
1 19548U 88091B   23198.31207225 -.00000301  00000+0  00000+0 0  9991
2 19548  13.4205 348.3225 0033878 335.2610  34.7359  1.00273914114688
COSMOS 1989 (ETALON 1)
1 19751U 89001C   23197.65188394 -.00000037  00000+0  00000+0 0  9996
2 19751  64.4182 108.8196 0023967 214.7335 333.3967  2.13156305268708
COSMOS 2024 (ETALON 2)
1 20026U 89039C   23197.67601640 -.00000087  00000+0  00000+0 0  9995
2 20026  65.4628 347.0123 0018875 217.9656 324.4462  2.13204466265756
FLTSATCOM 8 (USA 46)
1 20253U 89077A   23198.54608740 -.00000369  00000+0  00000+0 0  9997
2 20253  12.7393 357.6466 0006207  94.2692 165.4752  1.00270595249917
LUSAT (LO-19)
1 20442U 90005G   23198.32890266  .00000232  00000+0  10106-3 0  9992
2 20442  98.8452 175.4908 0012909  90.3002 269.9660 14.33279678749726
HST
1 20580U 90037B   23197.36194767  .00004037  00000+0  20956-3 0  9997
2 20580  28.4701  73.8469 0002524 339.2763 185.4749 15.13481112626157
SKYNET 4C
1 20776U 90079A   23197.10996319  .00000121  00000+0  00000+0 0  9999
2 20776  13.6838 357.1645 0002801 134.4852 235.1270  1.00278681120244
USA 65 (DSP 15)
1 20929U 90095A   23196.38702449 -.00000175  00000+0  00000+0 0  9995
2 20929  14.6699 351.6053 0008226  93.3551 299.2862  0.98398653 14954
TDRS 5
1 21639U 91054B   23197.24487022  .00000079  00000+0  00000+0 0  9995
2 21639  14.2017   1.6178 0025129   0.9928 211.7058  1.00276372117009
USA 75 (DSP 16)
1 21805U 91080B   23197.61025830  .00000029  00000+0  00000+0 0  9990
2 21805  14.5811 353.2503 0008525  97.0006 279.5651  0.99186906 15123